0 lddcreation
0 Author: LEGO Digital Designer 4.3
1 150 -10.721643 -65.400955 -17.855534 -0.455964 -0.108463 0.883364 0.066061 0.985684 0.155125 -0.887543 0.129087 -0.442272 973.DAT
1 383 -4.657475 -57.307327 -2.90456 -0.456366 -0.551015 0.69865 0.344318 0.614654 0.709681 -0.820473 0.564432 -0.090782 982.DAT
1 383 -18.79237 -55.259438 -30.418388 -0.303265 -0.913214 -0.272161 -0.18824 -0.22257 0.956571 -0.934128 0.341326 -0.104406 981.DAT
1 14 -18.039 -53.585262 11.122115 -0.389627 -0.260497 0.883364 -0.281421 0.946963 0.155125 -0.876922 -0.188156 -0.442272 983.DAT
1 14 -34.216385 -67.575752 -27.472454 -0.315721 -0.873084 0.371544 -0.174246 0.438262 0.881797 -0.932716 0.213662 -0.2905 983.DAT
1 0 -14.192451 -33.859077 -13.724743 -0.455964 -0.108463 0.883364 0.066061 0.985684 0.155125 -0.887543 0.129087 -0.442272 970.DAT
1 25 -15.586227 -22.119551 -12.134911 -0.455964 -0.846357 0.275275 0.066061 0.27626 0.95881 -0.887543 0.455368 -0.070053 971.DAT
1 25 -15.385471 -22.085566 -12.235535 -0.455964 0.759806 0.463456 0.066061 0.548196 -0.833737 -0.887543 -0.349538 -0.300151 972.DAT
1 15 -72.77655 -78.109398 41.841892 -0.368317 -0.02299 0.929416 -0.28354 0.954845 -0.088745 -0.885408 -0.296213 -0.358204 4592.DAT
1 0 -71.864265 -80.465454 42.35807 -0.368318 0.924937 0.093989 -0.28354 -0.015474 -0.958836 -0.885408 -0.379806 0.267956 4593.DAT
1 0 -63.73645 -71.311539 36.045601 0.368317 -0.02299 -0.929416 0.28354 0.954845 0.088745 0.885408 -0.296213 0.358205 4595.DAT
1 15 -66.511734 -55.902374 52.595119 0.022991 -0.368318 0.929416 -0.954845 -0.28354 -0.088744 0.296213 -0.885408 -0.358205 4592.DAT
1 0 -64.783325 -55.153915 54.451637 0.02299 0.926663 0.37519 -0.954845 -0.090842 0.282875 0.296213 -0.364752 0.882731 4593.DAT
1 15 -79.776924 -65.871109 20.646378 -0.02299 0.368317 0.929416 0.954845 0.28354 -0.088745 -0.296213 0.885408 -0.358205 4592.DAT
1 0 -79.878883 -66.774857 18.163036 -0.022992 0.932128 -0.3614 0.954846 -0.086633 -0.284191 -0.296212 -0.351615 -0.888046 4593.DAT
1 15 -58.35537 -65.485947 20.647345 -0.02299 0.368317 0.929416 0.954845 0.28354 -0.088745 -0.296213 0.885408 -0.358205 50746.DAT
1 33 -97.425323 -58.568283 45.978851 -0.022989 0.929416 -0.368317 0.954847 -0.088744 -0.283536 -0.296209 -0.358205 -0.885409 30039.DAT
1 0 -89.98999 -59.27824 43.113209 -0.368317 0.929416 0.02299 -0.28354 -0.088745 -0.954845 -0.885408 -0.358205 0.296213 3024.DAT
1 33 -54.07444 -87.476517 37.202957 0.929416 -0.02299 0.368318 -0.088745 0.954845 0.28354 -0.358205 -0.296213 0.885408 30039.DAT
1 15 -54.258369 -79.837753 34.833256 0.929416 -0.02299 0.368318 -0.088745 0.954845 0.28354 -0.358205 -0.296213 0.885408 3024.DAT
1 15 -50.989029 -59.81514 38.355503 0.02299 -0.368317 0.929416 -0.954845 -0.28354 -0.088745 0.296213 -0.885408 -0.358205 50746.DAT
1 71 -26.135368 -65.375359 18.503092 0.02299 0.368317 -0.929416 -0.954845 0.28354 0.088745 0.296213 0.885408 0.358205 4697.DAT.DAT
1 65 -10 -88 -20 -0.455964 -0.108464 0.883364 0.066061 0.985684 0.155125 -0.887543 0.129087 -0.442271 3626BP09.DAT
0 !LEOCAD PIECE PIVOT  -22.808971 2.571096 23.176291 1 0 0 0 1 0 0 0 1
1 0 -6.07395 -88.801758 -22.771128 -0.455964 -0.108464 0.883364 0.066061 0.985684 0.155125 -0.887543 0.129087 -0.442271 62696.DAT
